((("----------鐎规艾鍩楅幙宥勭稊娑旂姵鍎荤紒鎾存将-------------" .
   [0 0 0 0 0 0 0 0 1 0 0 0 0 0 0 0 0 0 0 0 0 0 0 0 0 0 0 0 0 0 0])
  ("gotoIndex" .
   [0 0 0 0 1 0 0 0 0])
  ("app01_v" .
   [0 0 0 1 0 0 0])
  ("path" .
   [1 0 0 0])
  ("views" .
   [1 0 0 0 0])
  ("string" .
   [0 0 0 0 1 0])
  ("system" .
   [0 0 0 5 0 0])
  ("break" .
   [0 0 0 2 0])
  ("whil" .
   [1 0 0 0])
  ("instrument" .
   [0 0 0 1 0 0 0 0 0 0])
  ("f4" .
   [1 0])
  ("ins" .
   [7 0 0])
  ("name" .
   [1 0 1 0])
  ("type" .
   [0 0 1 0])
  ("price" .
   [0 0 0 1 0])
  ("stock" .
   [0 0 0 1 0])
  ("instock" .
   [0 0 0 1 0 0 0])
  ("outstock" .
   [0 0 0 1 0 0 0 0])
  ("flag" .
   [1 0 0 0])
  ("stutemp" .
   [0 0 0 0 0 1 0])
  ("function" .
   [0 0 0 1 0 0 0 0])
  ("$data" .
   [3 0 0 1 0])
  ("json_decode" .
   [0 0 0 0 0 1 0 0 0 0 0])
  ("is_not_json" .
   [0 0 0 0 0 1 0 0 0 0 0])
  ("else" .
   [0 0 1 0])))
